latitude=26.647141
longitude=84.934235
